1 4 5 1
0 2 3 2
4 10 11 1
3 8 9 0
2 6 7 1
5 12 13 1
3 8 9 0
2 6 7 1
5 12 13 1
1 4 5 1
4 10 11 1
0 2 3 2
1 4 5 1
0 2 3 2
2 6 7 1
5 12 13 1
3 8 9 0
4 10 11 1
0 2 140 34
0 2 1400 222
0 2 14000 1652
0 2 140000 13010
0 2 1400000 107126
0 2 14000000 910077
0 2 14000000 910077
0 2 14000000 910077
0 2 7000000 476648
1 7000001 13999999 433429
0 2 4666667 326760
1 4666668 9333333 296483
2 9333334 13999999 286834
0 2 3500000 250150
1 3500001 6999999 226498
2 7000000 10499998 218961
3 10499999 13999997 214468
0 2 2800000 203362
1 2800001 5599999 183840
2 5600000 8399998 177675
3 8399999 11199997 173996
4 11199998 13999996 171204
0 2 2333334 171753
1 2333335 4666667 155007
2 4666668 7000000 149888
3 7000001 9333333 146595
4 9333334 11666666 144353
5 11666667 13999999 142481
0 2 2000000 148933
1 2000001 3999999 134213
2 4000000 5999998 129703
3 5999999 7999997 126928
4 7999998 9999996 124802
5 9999997 11999995 123481
6 11999996 13999994 122017
