Q Z | Q' ||  Q1 Q0 | Z1 Z0 || Q1 Q0 || J1 K1 | J0 K0
----------------------------------------------------
0 0 | 0  ||   0  0 |  0  0 ||  0  0 ||  0  * |  0  *
0 1 | 1  ||   0  0 |  0  1 ||  0  1 ||  0  * |  1  *
0 2 | 1  ||   0  0 |  1  0 ||  0  1 ||  0  * |  1  *
1 0 | 2  ||   0  1 |  0  0 ||  1  0 ||  1  * |  *  1
1 1 | 1  ||   0  1 |  0  1 ||  0  1 ||  0  * |  *  0
1 2 | 1  ||   0  1 |  1  0 ||  0  1 ||  0  * |  *  0
2 0 | 2  ||   1  0 |  0  0 ||  1  0 ||  *  0 |  0  *
2 1 | 2  ||   1  0 |  0  1 ||  1  0 ||  *  0 |  0  *
2 2 | 2  ||   1  0 |  1  0 ||  1  0 ||  *  0 |  0  *
